# JMonkey Registry v1.1
# Schema 1.1
[group1]
#registry.test
#Sat Jul 27 15:08:07 PDT 2013
testObject=OB@-84|-19|0|5|115|114|0|39|99|111|109|46|106|109|111|110|107|101|121|46|101|120|112|111|114|116|46|82|101|103|105|115|116|114|121|73|109|112|108|84|101|115|116|36|70|111|111|85|110|27|-110|37|-105|19|-6|2|0|1|73|0|1|105|120|112|0|0|0|3|
testShort=SH@1024
testFloat=FL@1.234
testIntArray=IA@-84|-19|0|5|117|114|0|2|91|73|77|-70|96|38|118|-22|-78|-91|2|0|0|120|112|0|0|0|2|0|0|0|3|0|0|0|5|
testInt=IN@1
testString=ST@testValue
testBoolean=BO@true
testByteArray=BA@-84|-19|0|5|117|114|0|2|91|66|-84|-13|23|-8|6|8|84|-32|2|0|0|120|112|0|0|0|2|25|100|
testByte=BY@110
testDouble=DO@1.2345678
testChar=CH@c
testCharArray=CA@-84|-19|0|5|117|114|0|2|91|67|-80|38|102|-80|-30|93|-124|-84|2|0|0|120|112|0|0|0|2|0|97|0|90|
testLong=LO@17179869184
testStringArray=SA@-84|-19|0|5|117|114|0|19|91|76|106|97|118|97|46|108|97|110|103|46|83|116|114|105|110|103|59|-83|-46|86|-25|-23|29|123|71|2|0|0|120|112|0|0|0|2|116|0|3|97|98|99|116|0|3|100|101|102|
testObjectArray=OA@-84|-19|0|5|117|114|0|42|91|76|99|111|109|46|106|109|111|110|107|101|121|46|101|120|112|111|114|116|46|82|101|103|105|115|116|114|121|73|109|112|108|84|101|115|116|36|70|111|111|59|-81|-122|-27|-74|-121|-119|103|59|2|0|0|120|112|0|0|0|2|115|114|0|39|99|111|109|46|106|109|111|110|107|101|121|46|101|120|112|111|114|116|46|82|101|103|105|115|116|114|121|73|109|112|108|84|101|115|116|36|70|111|111|85|110|27|-110|37|-105|19|-6|2|0|1|73|0|1|105|120|112|0|0|0|5|115|113|0|126|0|2|0|0|0|7|